
# Data at 201.00
0.00
0.00
41.00
5299.00
0
0.00
0.00
41.00
5299.00
0
0.00
3546763.00
99.00
63074.00
0
0.00
0.00
41.00
5299.00
0
0.00
0.00
41.00
5299.00
0
0.00
0.00
41.00
5299.00
0
0.00
0.00
41.00
5299.00
0
0.00
0.00
41.00
5299.00
0
0.00
0.00
41.00
5299.00
0
0.00
0.00
41.00
5299.00
0
0.00
0.00
41.00
5299.00
0
0.00
0.00
41.00
5299.00
0

# Data at 401.00
0.00
0.00
41.00
10656.00
0
0.00
0.00
41.00
10656.00
0
0.00
5395641.00
99.00
79291.00
0
0.00
0.00
41.00
10656.00
0
0.00
1406755.00
41.00
29461.00
0
0.00
0.00
41.00
10656.00
0
0.00
0.00
41.00
10213.00
0
0.00
0.00
41.00
10869.00
0
0.00
1406755.00
41.00
27794.00
0
0.00
0.00
41.00
10213.00
0
0.00
0.00
41.00
10213.00
0
0.00
0.00
41.00
10213.00
0

# Data at 601.00
0.00
0.00
41.00
15715.00
0
0.00
0.00
41.00
15715.00
0
0.00
5395641.00
99.00
84350.00
0
0.00
0.00
41.00
15715.00
0
0.00
3014475.00
41.00
57382.00
0
0.00
0.00
41.00
15715.00
0
0.00
0.00
41.00
15272.00
0
0.00
0.00
41.00
15928.00
0
0.00
3014475.00
41.00
55715.00
0
0.00
0.00
41.00
15272.00
0
0.00
0.00
41.00
15272.00
0
0.00
0.00
41.00
15272.00
0

# Data at 801.00
9559270.00
4315138.00
2606.00
82518.00
48.46
1807425.00
0.00
2881.00
21362.00
63.29
2610725.00
5395641.00
2939.00
89997.00
73.39
2409900.00
0.00
3843.00
21333.00
63.39
18716890.00
3014475.00
1697.00
63000.00
158.35
2409900.00
0.00
3584.00
21333.00
58.28
2409900.00
0.00
7062.00
20890.00
53.19
3373860.00
0.00
1919.00
21546.00
193.16
14941380.00
3014475.00
1845.00
61275.00
183.16
2409900.00
0.00
2733.00
20832.00
158.21
2409900.00
0.00
5397.00
20832.00
113.54
2409900.00
0.00
3325.00
20803.00
133.13

# Data at 1001.00
15865175.00
8455017.00
4493.00
151719.00
48.46
1807425.00
0.00
4657.00
27162.00
63.29
2610725.00
5395641.00
4752.00
95797.00
73.39
2409900.00
0.00
5693.00
27133.00
63.39
34742725.00
3014475.00
1697.00
68800.00
158.35
2409900.00
0.00
5397.00
27133.00
58.28
2409900.00
0.00
14462.00
26690.00
53.19
3373860.00
0.00
1919.00
27346.00
193.16
22974380.00
3014475.00
1845.00
67046.00
183.16
2409900.00
0.00
4657.00
26603.00
158.21
2409900.00
0.00
10947.00
26603.00
113.54
2409900.00
0.00
7321.00
26574.00
133.13

# Data at 1201.00
21849760.00
13117405.00
6491.00
220491.00
48.46
1807425.00
0.00
6507.00
32962.00
63.29
2610725.00
5395641.00
6602.00
101597.00
73.39
2409900.00
0.00
7654.00
32933.00
63.39
50808725.00
3014475.00
1697.00
74600.00
158.35
2409900.00
0.00
7247.00
32933.00
58.28
2409900.00
0.00
21862.00
32490.00
53.19
3373860.00
0.00
1919.00
33146.00
193.16
31007380.00
3014475.00
1845.00
72846.00
183.16
2409900.00
0.00
6655.00
32345.00
158.21
2409900.00
0.00
16719.00
32345.00
113.54
2409900.00
0.00
11095.00
32316.00
133.13

# Data at 1401.00
27874510.00
17377863.00
8304.00
289593.00
48.46
1807425.00
0.00
8394.00
38762.00
63.29
2610725.00
5395641.00
8452.00
107397.00
73.39
2409900.00
0.00
9430.00
38733.00
63.39
66794395.00
3014475.00
1697.00
80400.00
158.35
2409900.00
0.00
9097.00
38733.00
58.28
2409900.00
0.00
29558.00
38261.00
53.19
3373860.00
0.00
1919.00
38946.00
193.16
39040380.00
3014475.00
1845.00
78617.00
183.16
2409900.00
0.00
8505.00
38087.00
158.21
2409900.00
0.00
22158.00
38087.00
113.54
2409900.00
0.00
14869.00
38029.00
133.13

# Data at 1601.00
33979590.00
22120637.00
10191.00
358299.00
48.46
1807425.00
0.00
10318.00
44562.00
63.29
2610725.00
5395641.00
10265.00
113197.00
73.39
2409900.00
0.00
11317.00
44533.00
63.39
82860395.00
3014475.00
1697.00
86200.00
158.35
2409900.00
0.00
10947.00
44533.00
58.28
2409900.00
0.00
37106.00
44061.00
53.19
3373860.00
0.00
1919.00
44746.00
193.16
47073380.00
3014475.00
1845.00
84359.00
183.16
2409900.00
0.00
10429.00
43829.00
158.21
2409900.00
0.00
27708.00
43829.00
113.54
2409900.00
0.00
18717.00
43771.00
133.13

# Data at 1801.00
39522360.00
26340902.00
12041.00
427434.00
48.46
1807425.00
0.00
12094.00
50362.00
63.29
2610725.00
5395641.00
12189.00
118997.00
73.39
2409900.00
0.00
13167.00
50333.00
63.39
98926395.00
3014475.00
1697.00
92000.00
158.35
2409900.00
0.00
12760.00
50333.00
58.28
2409900.00
0.00
44506.00
49861.00
53.19
3373860.00
0.00
1919.00
50546.00
193.16
55106380.00
3014475.00
1845.00
90159.00
183.16
2409900.00
0.00
12316.00
49571.00
158.21
2409900.00
0.00
33036.00
49571.00
113.54
2409900.00
0.00
22565.00
49513.00
133.13

# Data at 2001.00
45547110.00
31083676.00
14076.00
496140.00
48.46
1807425.00
0.00
13944.00
56162.00
63.29
2610725.00
5395641.00
14002.00
124797.00
73.39
2409900.00
0.00
15128.00
56133.00
63.39
114992395.00
3014475.00
1697.00
97800.00
158.35
2409900.00
0.00
14647.00
56133.00
58.28
2409900.00
0.00
52054.00
55661.00
53.19
3373860.00
0.00
1919.00
56346.00
193.16
63139380.00
3014475.00
1845.00
95901.00
183.16
2409900.00
0.00
14240.00
55313.00
158.21
2409900.00
0.00
38808.00
55313.00
113.54
2409900.00
0.00
26339.00
55255.00
133.13
